47
45
47
50
48
50
46
48
48
46
47
43
48
48
48
49
46
49
48
47
45
46
52
46
51
48
50
50
53
50
49
49
50
53
49
50
45
46
49
48
49
48
50
51
49
49
53
54
50
49
52
50
51
49
51
50
49
50
50
51
48
53
46
47
49
48
49
51
48
52
47
53
47
52
47
51
52
49
48
49
50
52
49
49
51
41
51
48
49
51
50
47
51
44
51
43
46
47
52
48
44
51
47
48
52
52
49
48
48
45
53
47
47
46
45
48
44
43
45
47
44
46
47
46
46
47
44
44
44
47
46
44
43
45
45
47
45
45
43
46
44
44
43
42
43
42
43
45
48
40
42
42
43
40
40
41
39
40
39
40
39
39
33
38
35
35
34
31
28
30
29
27
30
36
39
51
58
65
67
67
67
65
60
60
53
56
60
63
58
49
40
33
28
24
25
24
20
21
22
26
33
41
50
65
70
72
72
74
67
67
61
56
53
53
52
45
33
24
15
11
6
4
3
2
1
1
1
1
1
1
2
2
3
3
5
6
7
8
11
11
11
9
8
8
12
16
20
17
14
10
6
2
1
4
9
16
